id,ip_address,date_accessed
1,88.134.124.181,2017-02-02 23:22
2,177.16.239.196,2015-06-13 19:00
3,131.250.137.177,2015-09-20 20:37
4,224.203.201.94,2015-04-08 03:13
5,250.222.29.141,2015-06-27 23:59
6,235.199.255.186,2016-06-30 04:33
7,128.34.23.163,2016-06-02 23:42
8,148.94.61.119,2015-07-13 20:50
9,30.148.81.81,2015-12-24 17:28
10,239.36.70.51,2015-06-21 18:24
11,52.32.129.45,2015-08-28 01:47
12,121.38.123.131,2016-05-12 21:08
13,214.120.234.131,2016-01-27 21:24
14,6.47.68.15,2015-12-28 11:29
15,154.219.113.102,2015-04-23 15:54
16,138.16.36.235,2016-08-28 19:30
17,123.3.33.191,2016-03-10 00:07
18,217.104.179.197,2016-08-13 03:28
19,178.227.72.222,2015-08-04 13:10
20,66.106.0.217,2016-04-29 00:45
21,239.199.20.53,2015-10-29 23:56
22,85.107.255.41,2016-07-29 00:11
23,115.67.108.235,2016-10-28 00:33
24,16.46.129.74,2015-10-12 02:46
25,200.90.197.248,2016-04-18 17:48
26,8.82.84.231,2015-12-27 13:45
27,30.16.163.12,2017-02-10 05:26
28,141.33.170.121,2016-08-25 19:05
29,91.181.98.96,2015-11-05 22:12
30,110.42.224.55,2016-03-29 03:37
31,92.104.100.253,2016-08-20 05:51
32,15.181.104.75,2016-10-28 09:27
33,227.27.67.91,2016-01-10 13:41
34,248.185.61.62,2015-10-13 17:20
35,143.202.247.221,2015-03-15 10:52
36,195.197.27.37,2016-04-30 20:29
37,149.125.217.190,2015-03-21 23:09
38,167.178.197.112,2016-03-08 16:14
39,47.146.221.16,2016-12-17 19:28
40,124.252.242.192,2017-02-12 04:26
41,13.83.72.35,2015-09-29 07:55
42,171.131.252.83,2016-12-06 19:49
43,31.96.220.122,2015-11-10 20:27
44,93.251.19.193,2016-10-22 05:02
45,48.175.4.117,2016-05-04 12:37
46,41.156.228.82,2015-11-28 20:57
47,255.109.226.191,2015-06-17 12:52
48,100.178.235.102,2016-02-07 17:16
49,6.87.17.155,2015-09-16 07:53
50,212.36.111.221,2016-05-31 06:34
51,121.239.160.159,2016-08-13 02:14
52,184.24.176.97,2016-10-27 06:40
53,84.143.197.175,2015-04-10 11:14
54,141.10.4.212,2017-02-10 20:56
55,143.141.190.88,2015-07-04 17:31
56,71.177.17.243,2015-06-22 01:09
57,98.76.169.44,2017-01-13 13:15
58,121.4.167.129,2016-01-31 08:50
59,67.45.230.70,2016-07-10 08:45
60,34.89.11.133,2015-03-02 21:54
61,60.209.146.252,2015-06-08 11:56
62,142.253.241.129,2015-11-25 09:26
63,22.74.217.93,2016-01-15 15:48
64,17.84.177.29,2015-05-26 19:53
65,105.163.127.49,2015-07-26 11:37
66,201.130.111.227,2016-03-01 17:30
67,249.96.66.193,2015-09-30 17:51
68,64.76.53.154,2016-02-22 16:19
69,15.148.246.37,2015-10-31 11:27
70,34.12.252.177,2016-07-08 08:00
71,11.229.225.155,2016-05-20 16:11
72,217.214.14.103,2015-04-26 15:53
73,98.127.115.81,2016-11-08 08:53
74,154.151.211.32,2016-06-10 00:27
75,3.250.41.162,2016-07-10 07:58
76,105.166.240.119,2015-11-14 04:43
77,24.20.235.36,2017-02-06 17:50
78,24.227.120.250,2017-01-02 12:26
79,15.147.111.205,2015-04-22 13:04
80,204.213.34.236,2015-05-01 00:57
81,197.164.165.16,2015-03-09 17:02
82,98.234.178.4,2016-03-29 18:30
83,189.186.50.215,2016-06-08 13:00
84,82.241.249.156,2017-01-15 20:08
85,177.143.99.38,2016-02-09 06:02
86,223.23.184.167,2015-06-27 08:19
87,97.25.229.180,2015-09-05 11:59
88,111.145.49.76,2016-05-13 19:39
89,248.80.171.17,2015-07-31 07:24
90,64.200.162.58,2015-10-27 02:50
91,48.8.144.159,2017-02-07 17:19
92,85.42.0.252,2015-08-26 22:00
93,119.126.186.121,2016-07-26 13:26
94,173.48.222.193,2015-06-14 02:12
95,132.26.89.10,2015-09-27 15:27
96,210.139.47.214,2015-12-19 02:33
97,99.65.80.208,2016-07-05 15:33
98,44.117.216.84,2015-10-29 04:00
99,189.114.15.217,2015-11-04 00:50
100,183.213.100.121,2016-01-06 09:27
101,59.170.25.149,2016-05-17 21:39
102,160.117.95.23,2016-05-05 05:58
103,109.159.114.78,2015-06-07 14:50
104,14.9.237.191,2016-05-30 13:26
105,88.60.105.144,2016-01-28 16:16
106,165.147.54.24,2015-09-07 12:29
107,218.156.74.133,2015-09-19 14:41
108,205.204.35.217,2015-03-30 00:42
109,11.81.247.207,2015-12-20 05:39
110,54.188.102.196,2016-05-01 19:54
111,2.49.135.119,2017-02-06 01:12
112,229.0.216.245,2015-08-10 14:25
113,192.78.134.182,2017-01-22 22:53
114,147.195.97.44,2016-01-16 23:19
115,219.77.129.149,2015-08-04 00:58
116,56.210.221.227,2015-06-29 18:19
117,177.70.7.104,2016-04-13 20:59
118,127.122.70.65,2016-12-07 00:45
119,52.25.131.111,2016-02-20 05:33
120,214.126.5.163,2015-09-22 04:20
121,148.67.200.169,2016-02-28 14:07
122,156.115.111.159,2015-10-19 08:55
123,97.138.195.69,2016-02-23 21:11
124,25.33.46.22,2016-03-25 11:47
125,38.85.195.135,2015-07-08 22:44
126,246.63.144.195,2016-02-21 06:55
127,185.206.225.146,2015-08-07 21:16
128,177.6.211.143,2015-10-30 05:49
129,186.172.136.194,2016-10-18 14:47
130,132.140.103.186,2015-05-29 05:06
131,133.118.249.1,2015-05-22 17:47
132,242.201.105.136,2016-02-28 19:57
133,36.43.47.226,2015-12-11 19:32
134,115.47.205.247,2015-12-20 02:36
135,186.76.105.76,2015-03-21 14:26
136,158.180.208.16,2016-12-23 22:27
137,187.128.194.113,2016-06-15 05:08
138,157.117.59.243,2015-07-26 13:44
139,181.126.118.108,2016-01-10 11:40
140,94.26.37.164,2016-09-18 16:07
141,0.253.236.12,2016-03-08 23:44
142,176.23.216.86,2017-02-03 12:22
143,69.201.103.42,2016-06-12 16:40
144,163.208.97.176,2015-04-19 22:18
145,207.231.33.220,2017-02-11 12:25
146,88.215.222.204,2015-09-01 22:18
147,167.209.170.196,2015-08-31 12:58
148,154.203.140.118,2015-06-12 12:26
149,25.235.239.175,2016-10-29 14:05
150,101.166.177.53,2015-09-03 05:46
151,191.173.237.198,2016-02-29 07:22
152,14.71.11.51,2016-02-17 19:04
153,189.199.79.34,2016-11-12 00:18
154,142.152.63.95,2015-11-28 10:09
155,92.82.211.8,2017-02-18 23:12
156,120.123.164.217,2015-12-23 20:16
157,129.209.14.85,2016-03-09 06:55
158,173.165.120.242,2016-01-12 01:38
159,9.119.178.89,2016-08-02 04:01
160,116.109.19.171,2015-12-20 17:31
161,24.209.187.174,2015-11-07 04:59
162,11.204.207.201,2016-07-09 18:17
163,27.46.229.204,2016-01-18 16:19
164,176.203.160.38,2015-09-23 04:24
165,107.95.124.252,2016-12-24 08:49
166,51.132.216.134,2016-08-05 22:29
167,137.97.155.56,2016-07-05 02:24
168,87.49.16.42,2015-03-20 00:12
169,81.102.156.142,2017-01-24 00:13
170,153.130.133.157,2016-04-19 14:06
171,22.177.52.86,2016-10-08 15:38
172,209.130.226.74,2015-09-04 10:56
173,73.19.65.90,2015-05-26 19:02
174,222.23.90.237,2015-04-20 12:16
175,202.170.57.230,2016-12-08 09:22
176,138.94.50.90,2015-03-05 17:16
177,105.241.135.44,2016-06-21 19:55
178,176.145.135.209,2016-06-08 05:59
179,74.125.199.126,2017-02-12 14:09
180,48.90.12.75,2015-11-21 03:33
181,169.125.242.26,2016-12-03 06:23
182,239.86.210.45,2016-03-09 12:39
183,113.194.104.216,2017-01-03 20:24
184,223.154.88.201,2016-10-31 01:39
185,173.77.217.193,2016-10-20 16:01
186,10.223.29.113,2016-09-01 18:27
187,48.230.93.200,2015-07-04 00:45
188,41.187.85.153,2016-10-13 19:27
189,229.34.180.200,2016-02-18 12:46
190,51.211.111.85,2015-09-25 20:06
191,142.221.98.112,2015-05-26 03:21
192,94.162.38.65,2015-05-16 18:09
193,109.64.51.19,2015-10-20 18:16
194,88.225.37.11,2016-02-02 19:23
195,101.160.74.91,2015-09-23 21:03
196,155.202.37.200,2016-04-02 22:39
197,95.205.203.204,2016-11-06 22:05
198,36.90.57.250,2015-03-15 02:49
199,67.57.75.67,2015-12-22 17:08
200,122.151.49.37,2016-07-23 15:57
201,106.138.74.222,2015-03-20 06:45
202,220.43.255.233,2016-03-07 13:48
203,175.7.211.28,2016-11-26 21:42
204,150.110.222.183,2015-05-14 10:49
205,188.158.76.117,2015-08-04 13:12
206,4.160.113.30,2016-06-21 20:02
207,165.251.215.34,2017-01-04 20:33
208,58.204.166.108,2016-05-07 01:11
209,131.124.206.21,2016-12-20 10:20
210,15.239.243.85,2017-01-27 16:00
211,16.156.220.206,2016-12-06 19:45
212,174.119.216.17,2015-08-17 01:15
213,95.133.226.157,2016-02-02 08:16
214,9.72.145.223,2015-07-30 19:46
215,194.177.255.144,2015-10-03 22:22
216,181.247.243.71,2016-05-04 06:49
217,80.184.76.230,2015-07-28 05:44
218,196.126.166.187,2016-12-19 03:37
219,87.100.146.167,2016-09-04 19:53
220,20.42.26.138,2015-08-04 03:30
221,185.171.165.229,2016-08-03 04:37
222,173.220.192.249,2015-05-20 04:43
223,99.210.45.1,2016-06-19 11:40
224,142.195.95.239,2016-01-16 09:52
225,19.107.31.218,2015-09-05 12:43
226,184.133.232.132,2016-05-18 21:44
227,148.80.159.187,2015-03-21 08:23
228,172.145.205.25,2015-03-05 08:53
229,205.138.41.101,2016-10-18 08:26
230,98.52.144.40,2015-07-08 23:15
231,47.245.12.249,2016-03-13 00:50
232,192.80.25.142,2015-07-18 01:19
233,66.229.244.82,2016-04-25 10:04
234,191.58.189.233,2015-09-19 12:47
235,101.205.51.198,2016-04-01 20:01
236,106.226.166.223,2015-12-03 08:41
237,244.60.231.26,2017-02-22 11:04
238,1.216.212.89,2015-07-27 23:45
239,16.9.66.175,2016-10-20 14:28
240,29.64.132.143,2017-01-07 20:45
241,103.98.85.139,2015-09-21 15:56
242,9.163.179.0,2015-07-01 01:45
243,144.139.251.210,2017-01-16 01:09
244,110.44.243.210,2016-09-11 16:57
245,105.228.188.56,2016-11-16 00:09
246,134.77.21.189,2016-12-08 10:56
247,178.3.27.107,2015-03-10 01:46
248,44.193.48.70,2016-06-14 15:36
249,190.21.66.27,2016-07-28 05:08
250,60.252.42.229,2015-07-23 00:35
251,220.255.1.107,2015-03-13 01:43
252,217.70.253.246,2017-02-15 03:58
253,77.102.78.218,2015-11-11 15:36
254,28.40.185.27,2015-03-17 18:32
255,196.58.88.198,2015-12-27 21:35
256,159.211.249.77,2015-06-16 10:07
257,13.231.190.113,2015-05-28 03:41
258,190.180.216.179,2016-10-26 21:57
259,95.217.101.149,2016-07-08 05:09
260,180.85.175.150,2015-09-15 15:35
261,144.190.160.163,2017-02-24 20:39
262,76.150.218.11,2015-04-04 10:16
263,112.92.166.84,2015-09-17 02:47
264,248.126.22.13,2015-08-23 16:48
265,157.105.80.169,2016-07-01 22:59
266,151.182.234.207,2015-06-08 18:48
267,73.220.32.14,2015-05-20 09:21
268,119.8.99.31,2016-02-02 08:08
269,14.228.96.11,2015-07-05 06:05
270,82.64.106.2,2015-04-07 14:58
271,239.135.245.160,2015-05-24 11:36
272,156.247.187.233,2016-08-02 12:30
273,72.249.173.39,2015-09-17 14:47
274,172.253.147.229,2015-08-12 06:56
275,205.9.173.217,2015-10-19 03:04
276,55.180.114.85,2015-03-23 05:14
277,120.167.168.190,2015-05-30 04:59
278,139.179.205.108,2016-08-03 15:51
279,107.179.181.225,2016-07-11 01:25
280,245.148.98.189,2016-04-03 09:59
281,108.233.55.116,2016-02-14 08:24
282,36.107.122.101,2016-04-06 07:32
283,135.217.38.125,2015-08-31 16:41
284,92.252.163.27,2017-02-20 16:30
285,0.246.110.238,2016-12-15 10:44
286,94.210.161.218,2016-11-13 02:47
287,152.114.127.129,2016-08-31 02:32
288,173.70.249.142,2016-06-17 08:59
289,72.104.183.108,2015-06-17 01:38
290,225.168.21.83,2017-01-19 15:59
291,33.249.254.160,2016-02-22 02:06
292,252.84.16.178,2015-11-29 06:05
293,213.140.74.152,2016-09-28 22:27
294,3.233.181.146,2016-03-22 17:55
295,204.161.35.77,2015-11-10 21:31
296,157.244.65.218,2016-07-18 21:31
297,14.138.80.153,2015-11-23 18:28
298,55.237.88.179,2016-03-11 22:22
299,207.163.96.45,2016-10-27 04:42
300,72.69.59.150,2015-08-11 12:46
301,109.156.44.144,2016-05-02 04:08
302,147.182.94.32,2016-06-17 17:33
303,6.47.44.25,2016-01-12 13:52
304,62.13.44.250,2016-08-26 09:00
305,227.191.191.85,2015-08-20 06:20
306,146.83.215.128,2016-06-30 18:09
307,246.134.149.97,2015-04-27 00:04
308,153.110.158.227,2016-07-03 14:41
309,218.50.255.100,2016-06-10 01:59
310,141.143.74.57,2016-08-15 04:29
311,45.90.128.132,2016-03-24 18:15
312,225.44.223.32,2015-07-22 18:50
313,197.95.117.63,2015-11-03 14:49
314,205.1.78.52,2016-05-22 09:14
315,139.18.158.17,2016-05-17 02:56
316,218.129.80.29,2016-10-16 11:07
317,82.50.53.56,2016-08-18 21:49
318,14.2.68.225,2017-02-23 00:59
319,152.34.42.189,2015-09-23 07:47
320,188.137.13.202,2015-06-10 22:19
321,245.171.155.121,2015-08-18 14:22
322,214.32.66.78,2015-07-25 22:35
323,47.9.222.226,2016-01-04 14:37
324,224.131.109.230,2015-10-22 23:50
325,5.139.28.136,2016-09-14 19:42
326,161.189.219.235,2016-09-24 21:13
327,202.168.221.90,2015-05-18 08:36
328,22.166.77.24,2017-01-20 04:27
329,9.225.203.219,2015-03-13 11:40
330,147.4.109.1,2016-06-16 11:47
331,103.71.160.196,2015-07-28 03:20
332,203.61.189.28,2015-12-10 23:45
333,32.1.122.127,2015-04-05 07:46
334,100.240.204.121,2015-03-20 08:06
335,188.174.24.135,2015-05-10 23:59
336,32.155.163.62,2016-07-24 01:58
337,142.248.59.219,2015-03-18 11:54
338,141.58.161.132,2015-08-02 12:39
339,224.126.249.216,2015-10-14 03:41
340,157.155.33.44,2015-09-29 17:10
341,168.13.86.56,2015-04-12 12:57
342,13.242.178.24,2015-06-07 23:51
343,106.195.133.165,2015-12-25 00:46
344,246.216.240.154,2016-09-14 16:31
345,106.143.118.220,2015-04-16 21:54
346,167.187.169.45,2016-04-28 05:14
347,170.215.186.124,2016-08-31 19:43
348,224.30.4.172,2015-10-14 11:45
349,57.32.168.186,2016-04-19 17:52
350,153.237.235.82,2015-10-24 07:50
351,185.192.176.116,2015-09-07 08:25
352,153.31.249.43,2016-09-07 10:12
353,8.194.211.189,2016-04-19 15:28
354,255.151.241.45,2016-06-21 21:53
355,124.219.66.49,2016-11-21 07:08
356,34.240.134.82,2015-03-27 14:27
357,254.239.49.170,2015-06-03 01:04
358,163.187.219.17,2015-08-20 07:02
359,168.171.223.247,2016-04-21 01:06
360,230.13.153.201,2015-12-29 02:27
361,229.180.234.79,2016-05-29 18:03
362,96.16.67.76,2016-10-30 18:09
363,129.0.58.102,2015-12-31 01:49
364,218.77.15.192,2016-03-17 04:17
365,175.141.198.75,2015-06-30 07:39
366,173.95.46.43,2015-10-28 05:47
367,149.45.34.247,2016-08-12 10:19
368,84.241.244.209,2015-08-29 22:16
369,16.219.188.185,2017-01-03 23:02
370,160.47.43.74,2015-12-26 00:33
371,146.203.50.53,2015-09-21 19:40
372,124.38.211.211,2016-01-19 09:09
373,224.107.108.112,2015-03-09 20:14
374,45.68.100.43,2015-03-03 08:57
375,239.253.229.243,2016-03-13 07:44
376,107.6.147.58,2016-06-06 17:41
377,194.114.15.239,2017-01-17 05:41
378,223.95.241.163,2016-11-07 05:36
379,164.104.73.88,2015-06-27 19:45
380,74.131.134.73,2015-04-04 17:00
381,5.180.3.237,2016-01-02 17:18
382,248.32.136.244,2016-05-22 15:48
383,186.132.53.78,2017-02-16 18:47
384,79.222.156.4,2015-11-03 19:30
385,196.35.117.247,2016-01-08 22:36
386,58.237.6.188,2016-09-25 04:05
387,105.247.35.31,2016-02-27 23:05
388,80.69.241.100,2016-01-24 05:54
389,116.241.174.108,2015-11-25 09:33
390,100.79.163.176,2016-06-25 18:51
391,211.236.253.27,2016-07-30 03:14
392,86.106.254.208,2016-10-12 05:13
393,22.77.41.35,2015-12-22 02:43
394,152.253.79.18,2015-07-05 16:52
395,214.13.181.206,2016-09-01 01:20
396,237.15.30.65,2016-04-21 21:02
397,139.208.104.167,2016-04-29 04:50
398,215.19.226.232,2015-05-14 22:20
399,252.210.62.66,2017-01-07 15:14
400,217.186.130.179,2015-08-21 16:34
401,201.126.0.202,2017-02-21 07:18
402,68.16.254.49,2015-07-12 10:39
403,22.86.102.114,2015-07-05 19:23
404,4.61.135.83,2016-06-06 08:41
405,64.215.172.204,2015-09-12 08:14
406,247.124.193.162,2016-05-16 02:14
407,113.60.78.240,2015-05-19 23:16
408,6.40.177.151,2017-02-25 14:43
409,44.219.2.100,2015-09-12 02:39
410,69.80.184.238,2016-01-03 20:58
411,57.170.57.210,2015-11-02 09:58
412,151.199.118.202,2015-11-03 09:58
413,117.21.162.133,2015-11-17 11:10
414,90.196.22.69,2015-07-02 00:55
415,79.12.100.238,2017-02-10 16:46
416,61.32.214.27,2015-07-05 09:22
417,131.31.52.16,2017-02-15 21:55
418,164.87.87.201,2017-02-09 13:10
419,178.213.188.211,2015-06-19 11:28
420,173.43.176.128,2016-09-08 22:57
421,201.59.81.142,2016-03-31 00:28
422,21.195.35.132,2016-04-02 04:18
423,86.152.150.188,2015-07-13 11:29
424,200.60.138.137,2015-06-12 00:11
425,170.201.24.233,2016-03-03 19:35
426,199.102.241.228,2015-08-14 07:58
427,43.191.53.60,2016-01-09 20:33
428,239.84.194.215,2015-09-02 22:43
429,0.148.53.162,2016-11-25 20:00
430,27.168.138.223,2016-08-04 03:24
431,241.97.84.181,2016-05-16 19:55
432,56.83.236.203,2016-07-13 12:00
433,185.51.184.79,2017-01-26 23:51
434,157.174.23.216,2016-02-20 03:02
435,183.158.58.172,2016-02-20 12:22
436,244.141.195.192,2016-11-05 02:08
437,174.241.208.8,2016-05-23 05:55
438,133.11.15.59,2015-03-20 01:47
439,193.86.220.110,2015-11-30 05:18
440,160.92.88.224,2015-03-21 03:48
441,245.65.222.114,2015-08-08 01:18
442,99.244.227.14,2016-11-19 01:04
443,50.203.40.45,2015-04-20 16:10
444,15.132.243.77,2015-04-08 06:46
445,28.104.217.160,2016-02-29 09:09
446,56.146.182.19,2015-09-17 05:50
447,56.207.116.197,2016-11-26 02:53
448,189.45.182.93,2017-02-26 19:37
449,142.249.124.0,2016-03-12 20:33
450,15.193.246.16,2016-07-31 18:33
451,236.104.5.212,2016-02-22 13:35
452,186.172.252.96,2015-08-09 09:37
453,213.133.211.236,2015-08-13 05:27
454,111.255.82.58,2015-06-26 20:41
455,207.114.152.214,2015-08-26 23:56
456,176.184.30.170,2016-05-10 05:47
457,147.41.120.160,2017-01-18 02:07
458,133.115.119.238,2016-10-17 05:45
459,79.134.88.30,2016-02-29 06:30
460,56.104.207.120,2015-05-21 20:29
461,31.18.93.61,2015-03-04 23:00
462,43.105.153.111,2015-11-29 15:51
463,128.255.21.51,2015-04-22 18:30
464,224.78.78.40,2016-08-05 10:38
465,176.132.162.68,2016-02-21 05:23
466,227.40.64.147,2016-04-28 08:57
467,160.235.158.84,2015-08-28 23:05
468,148.53.15.71,2016-04-26 12:01
469,82.161.216.14,2015-04-11 17:01
470,69.133.176.222,2016-08-30 06:19
471,230.98.55.37,2015-10-05 16:58
472,44.8.87.88,2017-01-22 13:48
473,143.1.96.157,2016-06-06 02:33
474,80.151.54.74,2016-05-14 08:38
475,81.45.244.28,2016-03-08 00:21
476,167.204.33.206,2015-04-18 14:26
477,218.17.172.192,2015-03-12 05:59
478,155.13.118.3,2015-06-21 09:12
479,71.153.184.135,2016-10-25 11:45
480,70.137.97.125,2016-03-01 09:11
481,191.13.132.215,2016-01-22 02:16
482,244.26.0.103,2016-11-27 15:26
483,135.10.253.104,2016-11-07 12:20
484,210.129.157.109,2016-07-05 05:40
485,158.222.175.8,2016-02-05 03:00
486,108.138.151.135,2016-08-08 08:05
487,171.59.126.142,2016-06-15 20:54
488,9.197.91.170,2015-08-18 01:43
489,60.146.54.92,2016-01-05 07:31
490,220.158.209.58,2016-01-04 03:08
491,23.232.2.57,2015-04-28 08:21
492,175.244.63.250,2016-09-28 12:31
493,118.225.92.45,2015-05-13 07:22
494,110.184.24.200,2016-04-23 12:56
495,210.7.133.39,2015-11-17 22:59
496,192.238.168.44,2016-11-17 16:54
497,173.65.138.102,2016-05-31 15:23
498,4.83.242.247,2015-11-12 02:57
499,97.101.138.127,2016-08-24 02:58
500,159.127.164.179,2015-06-24 10:37
501,165.165.201.246,2016-09-11 22:26
502,212.190.109.25,2016-12-11 20:30
503,238.189.254.102,2015-05-11 11:40
504,4.235.170.85,2015-04-03 12:26
505,161.117.241.13,2016-12-16 05:39
506,31.203.195.220,2015-08-14 05:05
507,32.75.39.104,2016-10-10 11:57
508,11.30.224.112,2015-03-23 01:40
509,104.152.241.126,2015-03-04 20:02
510,193.155.197.20,2017-02-02 15:41
511,101.29.185.126,2016-06-22 04:57
512,177.52.194.178,2016-05-19 10:50
513,166.216.84.6,2015-03-18 21:59
514,174.166.40.75,2015-07-22 07:47
515,222.27.92.137,2015-04-22 14:41
516,66.65.255.166,2016-02-11 23:09
517,181.45.224.13,2015-10-23 01:09
518,74.218.3.226,2015-11-26 00:18
519,241.251.169.105,2016-12-04 04:33
520,237.252.172.159,2015-05-06 04:00
521,235.138.189.23,2015-05-12 08:37
522,236.63.41.55,2016-03-06 16:02
523,144.105.53.59,2015-08-04 20:32
524,111.255.181.26,2016-06-11 16:14
525,66.157.24.203,2016-01-29 12:16
526,252.226.242.243,2015-12-28 09:03
527,198.84.81.119,2016-08-01 08:33
528,194.164.216.239,2017-01-01 18:10
529,130.153.129.243,2015-12-23 00:30
530,64.186.229.7,2016-02-22 04:18
531,56.142.228.136,2017-01-26 11:09
532,125.109.247.93,2016-05-29 22:53
533,92.44.182.202,2016-03-03 17:10
534,166.222.86.235,2016-05-20 07:43
535,162.117.173.80,2015-10-02 15:07
536,103.109.112.20,2016-09-30 02:06
537,148.122.251.89,2016-07-27 23:29
538,136.42.90.121,2016-08-20 08:24
539,56.94.45.85,2016-01-21 03:09
540,64.201.108.97,2016-06-22 08:39
541,23.63.125.127,2017-02-03 21:54
542,82.149.50.134,2015-12-09 19:20
543,174.27.130.13,2015-06-08 12:15
544,58.187.43.209,2015-09-29 23:47
545,24.74.16.165,2015-06-06 01:56
546,248.109.157.80,2015-07-03 00:16
547,85.174.66.76,2016-05-16 15:37
548,21.79.152.208,2015-05-29 15:40
549,137.1.159.42,2016-05-11 12:50
550,45.234.230.54,2015-04-26 04:28
551,36.113.37.28,2016-06-27 20:49
552,20.57.166.182,2016-06-07 17:23
553,15.75.134.157,2016-09-02 07:33
554,100.153.185.182,2016-10-10 02:26
555,113.91.175.246,2017-02-24 21:24
556,50.179.27.39,2016-05-06 17:38
557,165.93.113.153,2015-09-13 03:28
558,159.204.110.126,2017-02-14 19:42
559,177.36.132.28,2015-08-12 17:56
560,107.37.231.79,2015-09-06 22:47
561,124.125.43.127,2016-10-24 19:19
562,40.234.231.56,2016-03-29 14:56
563,217.186.174.127,2015-12-12 00:20
564,253.201.61.51,2016-03-21 20:29
565,48.42.121.68,2015-06-16 00:04
566,239.217.111.186,2017-02-11 14:40
567,158.136.143.184,2016-05-23 23:36
568,46.50.98.170,2015-09-03 08:42
569,148.197.104.72,2016-09-09 05:16
570,23.157.87.192,2015-07-27 17:20
571,91.244.91.95,2016-06-04 01:17
572,37.11.4.74,2015-04-21 15:52
573,176.115.161.133,2016-10-24 11:32
574,19.18.185.82,2016-10-13 01:28
575,228.34.98.129,2015-11-24 22:50
576,15.241.72.99,2016-11-22 23:35
577,97.104.62.77,2015-03-08 11:42
578,31.32.167.36,2016-06-06 17:10
579,75.113.65.82,2015-06-06 00:16
580,152.215.11.38,2016-03-16 05:48
581,125.239.66.134,2015-10-24 02:38
582,216.233.166.158,2016-01-16 18:22
583,79.20.151.181,2015-10-16 16:10
584,179.29.92.69,2016-08-07 05:06
585,247.114.14.194,2015-06-29 09:02
586,110.183.158.95,2016-03-20 03:56
587,187.82.211.4,2016-07-29 09:21
588,91.148.19.180,2015-08-10 07:56
589,51.50.132.26,2016-06-13 14:33
590,44.127.242.220,2015-04-27 06:05
591,211.40.36.153,2015-12-08 07:58
592,19.31.15.121,2016-03-20 05:29
593,178.246.73.144,2015-03-25 04:54
594,106.139.0.64,2015-06-06 03:27
595,50.81.7.15,2015-03-23 09:11
596,27.240.161.190,2015-10-15 23:17
597,221.49.26.51,2016-12-26 13:13
598,152.132.50.176,2017-01-23 20:15
599,52.234.123.193,2016-03-11 00:50
600,57.21.207.119,2016-02-22 10:29
601,43.24.212.77,2016-02-14 04:31
602,226.87.115.230,2015-03-20 13:00
603,247.125.181.180,2016-12-24 16:44
604,116.211.180.169,2016-01-20 10:50
605,66.148.229.174,2016-06-17 17:59
606,102.72.181.58,2016-05-05 14:02
607,211.106.183.9,2016-05-17 14:58
608,131.173.110.101,2015-12-17 20:27
609,111.23.223.4,2015-04-19 10:21
610,102.250.111.131,2015-08-30 10:39
611,76.231.201.71,2016-09-08 12:15
612,44.241.106.24,2015-07-08 09:36
613,41.67.76.121,2016-07-07 02:52
614,82.232.82.248,2015-05-20 21:59
615,206.173.194.47,2015-10-24 15:26
616,2.130.249.154,2016-03-09 17:55
617,130.14.120.156,2016-09-27 09:42
618,109.6.249.222,2015-08-30 21:57
619,91.136.59.190,2015-05-13 01:27
620,102.101.241.53,2015-03-19 13:15
621,95.202.195.227,2015-10-22 10:04
622,147.139.34.228,2015-12-22 19:10
623,40.164.122.174,2016-09-18 11:35
624,19.140.173.75,2015-11-14 22:48
625,162.150.190.121,2016-06-30 18:22
626,124.229.29.85,2015-03-16 00:49
627,149.248.194.162,2015-11-02 08:57
628,33.137.242.251,2016-08-05 03:22
629,118.216.227.159,2016-04-29 20:12
630,26.222.65.62,2015-03-26 20:32
631,248.171.95.215,2016-11-19 00:53
632,130.107.10.194,2017-02-04 15:24
633,104.73.237.98,2017-01-08 00:11
634,100.113.215.246,2016-05-06 01:52
635,235.119.157.90,2016-08-10 10:31
636,218.22.184.162,2016-07-28 20:26
637,163.216.232.30,2015-06-09 10:27
638,174.108.25.242,2016-04-08 05:17
639,27.110.181.151,2015-06-09 13:00
640,158.56.157.142,2016-07-09 05:59
641,192.196.250.65,2016-11-11 13:01
642,182.49.62.149,2017-02-23 16:28
643,13.85.255.40,2015-04-27 04:19
644,35.134.96.231,2016-07-24 16:20
645,9.80.12.151,2015-04-03 22:47
646,48.175.106.249,2015-09-18 07:55
647,147.209.190.161,2016-02-19 00:08
648,134.137.23.65,2017-02-21 22:59
649,138.75.210.115,2017-02-18 03:54
650,150.125.105.10,2015-09-06 10:12
651,19.8.1.239,2016-12-18 02:48
652,164.55.245.126,2016-06-16 04:22
653,109.172.52.222,2017-02-06 01:45
654,82.75.7.243,2017-02-26 03:02
655,169.159.242.92,2016-06-05 16:48
656,134.85.8.1,2015-08-20 03:09
657,54.54.10.101,2015-12-08 00:53
658,161.144.204.68,2015-06-16 14:16
659,113.146.166.68,2015-11-10 06:09
660,130.232.89.103,2016-11-27 14:06
661,76.86.85.231,2017-01-14 05:17
662,113.15.70.66,2015-06-22 14:42
663,224.57.63.137,2016-04-03 00:19
664,248.131.20.193,2016-11-18 21:51
665,149.247.69.72,2016-01-12 05:38
666,47.17.34.89,2017-02-13 05:24
667,235.64.12.144,2015-04-17 20:42
668,13.239.197.42,2015-05-30 12:14
669,132.178.68.194,2016-04-26 10:58
670,225.8.239.27,2016-06-24 07:09
671,163.145.138.70,2016-02-14 03:24
672,237.25.253.87,2015-04-01 04:17
673,27.131.78.127,2016-05-22 13:53
674,40.76.58.150,2016-03-11 09:01
675,152.162.154.144,2015-07-03 08:55
676,10.218.95.61,2015-05-04 14:47
677,69.255.54.220,2015-05-01 06:06
678,46.171.56.26,2016-02-06 06:25
679,45.116.200.122,2016-11-08 12:03
680,152.255.161.31,2015-06-28 08:06
681,38.31.137.138,2017-01-25 00:47
682,129.113.70.141,2015-09-04 05:03
683,139.240.218.28,2016-04-05 21:34
684,72.178.77.129,2015-04-27 11:30
685,254.111.118.4,2016-08-29 17:44
686,113.184.244.208,2015-09-06 06:15
687,213.79.255.178,2017-02-23 22:19
688,236.73.6.60,2016-01-14 19:46
689,124.204.172.137,2015-10-22 17:13
690,212.252.121.172,2015-08-01 07:08
691,79.169.233.92,2016-02-15 00:49
692,65.233.244.152,2015-04-17 22:39
693,174.187.68.203,2015-08-26 01:59
694,80.70.206.244,2015-06-20 23:03
695,97.122.132.57,2016-12-01 00:37
696,145.56.55.153,2016-09-29 22:20
697,209.13.17.11,2016-10-22 19:13
698,31.18.146.179,2016-01-02 20:07
699,83.221.250.165,2015-09-23 22:08
700,234.231.198.103,2015-03-20 05:16
701,145.200.131.24,2016-05-26 23:53
702,31.45.2.250,2016-06-30 20:53
703,198.142.67.252,2015-11-04 10:02
704,229.170.127.137,2015-10-14 13:16
705,78.230.234.124,2016-01-02 14:16
706,153.202.110.101,2015-05-19 08:16
707,45.118.26.28,2017-01-27 05:01
708,93.189.13.87,2016-04-07 23:11
709,215.10.206.147,2015-03-12 12:29
710,200.60.55.94,2015-03-02 00:28
711,81.174.209.29,2016-03-03 19:24
712,175.77.84.15,2016-08-12 15:39
713,182.165.61.37,2015-06-08 10:34
714,126.153.238.159,2017-02-27 09:23
715,148.19.3.182,2017-01-12 10:09
716,15.128.255.194,2016-02-24 17:01
717,171.107.213.180,2016-11-25 09:25
718,220.28.70.10,2016-08-05 01:39
719,6.82.163.234,2016-07-21 01:30
720,71.255.66.174,2015-12-14 20:17
721,72.15.81.93,2015-08-08 03:35
722,69.4.127.21,2017-02-23 21:28
723,18.133.65.116,2016-03-04 03:16
724,81.226.42.123,2016-03-24 13:09
725,194.29.128.127,2015-03-24 17:24
726,245.83.129.53,2016-08-01 17:09
727,106.13.112.65,2016-01-07 00:13
728,135.87.64.121,2015-04-14 10:13
729,135.144.137.183,2015-08-17 17:15
730,43.87.217.207,2015-10-08 09:55
731,180.211.194.149,2016-06-10 02:24
732,126.138.45.248,2016-10-14 13:06
733,88.146.140.221,2015-06-24 15:28
734,18.202.61.215,2016-03-10 09:50
735,63.252.198.62,2015-07-05 20:06
736,164.141.29.73,2015-07-30 09:21
737,119.195.44.14,2016-07-15 08:50
738,14.204.251.202,2015-06-20 11:19
739,194.128.239.52,2016-07-20 21:59
740,30.41.40.32,2015-10-18 08:34
741,64.18.226.247,2016-05-04 09:00
742,245.34.145.95,2016-12-07 03:24
743,202.110.29.185,2015-06-12 18:16
744,216.59.182.150,2016-05-19 04:15
745,171.150.32.9,2016-04-28 19:41
746,170.70.233.52,2015-03-15 16:54
747,83.76.91.72,2016-01-27 20:39
748,138.191.164.73,2016-08-25 10:28
749,97.40.39.61,2016-01-12 19:17
750,164.242.105.120,2015-09-25 21:03
751,121.26.97.203,2015-08-22 23:59
752,193.14.98.191,2015-05-01 13:28
753,2.220.105.49,2017-01-30 21:59
754,103.138.84.189,2015-06-12 04:11
755,112.225.95.90,2016-02-04 19:41
756,67.90.105.115,2015-09-25 17:58
757,170.215.75.81,2016-11-24 04:29
758,234.136.249.27,2015-08-26 21:16
759,47.232.41.19,2016-12-28 02:18
760,36.169.22.140,2015-07-16 01:31
761,31.171.81.186,2016-07-14 13:27
762,214.64.60.252,2016-02-16 12:57
763,34.199.60.142,2016-06-01 22:31
764,125.84.172.251,2016-08-13 21:59
765,58.73.114.206,2016-10-14 06:08
766,21.193.215.229,2015-08-26 18:43
767,141.246.250.130,2015-05-04 00:07
768,57.253.195.158,2016-04-25 20:17
769,253.24.105.125,2016-11-27 14:46
770,167.241.195.19,2016-08-31 11:40
771,73.113.191.161,2016-09-24 16:33
772,212.153.50.137,2016-03-30 09:37
773,239.204.117.109,2016-10-24 10:31
774,76.12.94.252,2016-05-08 12:04
775,81.246.67.22,2015-06-25 11:55
776,82.152.241.148,2015-06-17 01:34
777,173.24.82.209,2016-10-19 10:16
778,141.249.213.100,2015-04-13 03:12
779,208.25.127.49,2016-06-30 04:33
780,130.30.195.134,2016-06-14 09:08
781,218.209.64.58,2016-04-28 20:26
782,237.136.240.230,2016-01-09 10:07
783,70.75.181.5,2015-04-08 15:14
784,83.17.18.66,2015-06-28 02:29
785,168.109.70.40,2015-06-05 02:24
786,187.63.208.215,2015-06-23 07:05
787,60.0.200.63,2015-06-22 06:27
788,54.23.119.212,2015-12-07 04:46
789,57.182.109.185,2015-08-16 11:47
790,124.121.229.145,2015-05-28 10:52
791,189.19.57.93,2015-06-08 17:55
792,188.103.80.244,2015-04-10 16:13
793,116.165.222.179,2015-10-22 18:40
794,176.119.46.50,2016-07-16 19:41
795,147.147.90.224,2015-05-21 15:53
796,147.147.141.195,2016-02-04 03:15
797,211.2.96.10,2016-08-19 01:48
798,103.242.43.59,2015-06-29 22:29
799,50.97.47.253,2016-05-01 19:27
800,87.220.163.49,2015-08-25 21:32
801,229.3.77.12,2016-06-23 13:35
802,164.201.138.88,2016-11-11 08:14
803,178.238.1.35,2015-05-10 02:10
804,221.166.178.45,2016-12-19 22:10
805,135.234.244.17,2015-10-26 15:02
806,233.148.243.124,2017-02-09 19:54
807,42.177.66.68,2016-08-23 20:26
808,27.61.48.227,2016-09-18 09:33
809,102.200.168.250,2016-02-21 03:27
810,250.178.6.235,2015-12-22 14:53
811,8.204.88.16,2015-12-21 08:11
812,172.56.196.221,2015-07-02 03:11
813,240.78.80.11,2015-04-11 06:19
814,232.163.17.106,2015-07-13 04:04
815,47.91.159.54,2016-11-10 06:25
816,186.238.71.186,2015-09-27 13:47
817,209.33.253.228,2017-02-20 11:33
818,179.22.96.102,2017-02-27 19:52
819,13.253.120.144,2016-08-19 21:09
820,103.247.193.154,2015-03-31 09:02
821,54.89.149.82,2015-11-11 19:23
822,229.201.133.117,2015-04-04 18:00
823,141.51.191.217,2015-03-22 15:45
824,255.146.148.253,2016-11-24 04:35
825,169.143.64.102,2016-07-01 06:19
826,76.239.79.122,2016-02-27 20:18
827,222.201.79.121,2015-04-28 11:10
828,233.8.171.228,2015-04-30 18:54
829,251.229.12.18,2015-11-29 15:33
830,245.93.104.216,2015-11-20 14:22
831,79.10.177.22,2015-07-09 15:46
832,128.237.205.128,2016-09-05 17:48
833,54.186.177.5,2015-11-16 18:25
834,7.176.40.242,2015-09-26 00:58
835,106.59.87.163,2016-04-14 17:29
836,168.160.200.32,2015-07-31 08:31
837,12.174.194.95,2015-07-13 09:06
838,177.211.69.123,2016-04-28 02:27
839,31.54.102.151,2017-01-05 18:51
840,203.121.64.39,2015-09-01 20:08
841,61.71.190.110,2016-09-03 17:30
842,50.90.37.107,2015-03-17 17:57
843,16.18.126.234,2015-11-17 07:12
844,53.102.3.53,2016-02-03 16:08
845,138.83.211.87,2015-05-22 21:29
846,198.89.44.93,2016-01-16 17:45
847,124.197.70.168,2016-07-10 21:59
848,120.0.68.242,2015-06-24 00:42
849,164.147.89.150,2015-06-25 17:20
850,142.211.225.251,2016-11-02 04:35
851,176.223.32.113,2015-11-21 08:07
852,16.103.138.214,2016-03-09 04:55
853,35.147.109.13,2016-01-22 10:33
854,223.71.21.199,2015-11-19 02:24
855,148.19.89.90,2015-07-19 04:56
856,104.125.189.33,2015-08-04 15:16
857,100.172.133.199,2016-11-06 20:54
858,33.209.163.68,2015-10-02 11:09
859,107.16.230.56,2016-08-29 20:21
860,94.120.176.121,2015-10-13 07:10
861,3.206.154.194,2017-02-06 21:10
862,108.19.157.86,2015-06-04 18:02
863,211.163.128.96,2016-10-13 20:26
864,176.92.54.69,2016-11-17 07:48
865,58.1.2.128,2017-02-04 20:40
866,189.39.3.124,2015-06-07 05:56
867,239.56.231.239,2015-10-26 02:59
868,80.243.58.224,2016-07-27 17:40
869,145.80.115.177,2016-08-24 04:36
870,65.235.187.139,2016-09-15 14:20
871,15.20.144.76,2015-05-23 11:05
872,201.109.70.218,2017-02-07 15:13
873,31.193.63.207,2015-08-09 05:03
874,171.245.166.85,2016-03-06 12:20
875,116.146.129.65,2015-04-02 17:01
876,32.175.180.48,2015-04-17 01:39
877,220.89.30.208,2015-11-25 00:01
878,244.198.116.188,2016-07-23 15:41
879,67.102.218.235,2017-01-12 09:31
880,3.66.79.189,2015-03-25 10:25
881,201.70.95.33,2015-09-13 11:16
882,205.205.97.81,2016-12-01 04:27
883,120.246.83.207,2015-09-19 14:09
884,188.112.30.120,2016-02-08 17:19
885,77.218.225.215,2015-11-23 09:44
886,26.213.131.13,2015-09-29 15:29
887,221.220.71.28,2016-08-12 17:56
888,213.208.35.248,2016-09-03 20:52
889,67.117.136.24,2016-06-22 19:03
890,163.95.128.245,2016-07-15 14:21
891,12.154.191.117,2015-06-14 20:28
892,253.126.166.241,2016-11-21 14:27
893,162.58.215.70,2017-01-26 10:05
894,157.152.135.210,2015-08-19 21:14
895,84.251.110.8,2016-06-20 09:22
896,235.88.159.241,2015-03-23 01:22
897,46.43.22.82,2016-11-23 21:28
898,93.218.69.79,2016-12-06 02:23
899,37.95.39.200,2016-05-05 17:12
900,136.111.176.21,2017-01-21 02:03
901,78.68.43.147,2015-11-23 17:31
902,18.198.75.207,2016-02-08 17:25
903,2.85.215.129,2016-04-17 09:29
904,127.96.182.93,2017-02-03 17:26
905,62.98.39.125,2016-05-20 23:25
906,109.17.23.99,2016-09-10 11:39
907,38.133.133.81,2016-05-29 21:40
908,190.101.42.167,2016-07-14 22:14
909,213.74.204.191,2016-01-14 15:56
910,147.133.141.101,2015-09-25 06:12
911,35.119.102.150,2017-01-05 01:31
912,145.105.35.207,2016-08-11 08:00
913,111.100.215.106,2015-09-11 19:19
914,96.227.178.27,2015-04-22 12:08
915,6.187.125.247,2016-03-05 18:37
916,57.16.242.58,2015-12-15 05:30
917,64.235.206.208,2016-11-30 03:28
918,90.33.40.200,2016-04-27 05:40
919,123.66.168.189,2016-07-22 02:01
920,20.53.131.172,2017-02-07 05:47
921,171.130.8.32,2015-04-30 20:54
922,119.255.238.42,2015-11-05 17:58
923,219.34.60.65,2016-02-27 09:52
924,120.229.160.90,2015-08-07 21:42
925,56.78.111.173,2017-02-10 14:55
926,1.88.98.128,2016-01-24 12:43
927,189.245.179.130,2015-09-23 00:50
928,23.175.34.162,2016-01-27 16:01
929,222.45.124.164,2016-09-23 11:37
930,108.61.110.47,2015-03-08 03:13
931,249.33.121.115,2015-05-21 21:02
932,144.190.87.111,2016-03-27 15:32
933,44.181.222.150,2015-08-16 20:25
934,154.48.156.101,2016-11-23 20:01
935,45.118.187.141,2015-08-02 05:07
936,48.75.37.22,2015-08-28 02:15
937,172.207.247.251,2015-12-10 23:14
938,83.15.165.60,2015-04-10 00:12
939,143.114.218.59,2015-12-03 10:52
940,131.143.195.180,2016-02-29 04:16
941,233.8.2.21,2016-09-14 00:09
942,19.176.22.41,2016-02-04 06:54
943,32.250.196.57,2016-10-06 23:40
944,47.243.29.246,2015-05-18 17:54
945,245.198.94.23,2017-02-06 05:47
946,61.226.34.106,2016-10-15 01:39
947,22.25.166.56,2017-01-12 21:15
948,233.250.88.160,2015-07-24 04:38
949,190.105.228.52,2015-11-25 16:51
950,208.8.183.159,2017-02-18 03:09
951,62.19.102.39,2015-03-22 04:13
952,181.141.77.148,2015-09-14 04:56
953,253.244.115.9,2016-09-30 08:40
954,178.171.1.232,2015-03-02 20:49
955,214.129.37.0,2015-03-18 17:14
956,199.73.36.138,2015-09-21 23:47
957,169.2.125.207,2015-06-26 05:19
958,113.84.197.32,2016-08-19 16:30
959,42.230.92.236,2016-07-29 20:23
960,68.40.145.131,2015-11-20 12:51
961,14.220.60.157,2015-06-22 00:10
962,54.51.180.102,2016-08-07 05:04
963,35.85.32.16,2017-02-26 19:06
964,75.91.50.164,2016-02-07 18:41
965,233.107.37.163,2016-01-26 20:54
966,212.179.151.99,2016-01-01 06:20
967,167.88.60.38,2015-03-13 22:21
968,183.205.101.52,2016-10-29 18:33
969,2.154.41.169,2015-03-18 15:43
970,206.169.195.85,2015-11-16 03:56
971,181.94.1.61,2016-08-14 02:01
972,103.31.40.232,2016-08-19 19:55
973,212.61.91.141,2016-07-22 04:01
974,114.109.164.93,2016-08-24 15:11
975,243.60.49.174,2015-04-30 15:50
976,78.111.27.168,2015-06-09 19:12
977,176.62.221.78,2017-01-29 12:13
978,108.18.14.6,2015-07-15 09:47
979,245.46.140.21,2016-06-11 07:20
980,165.238.22.210,2015-09-13 12:15
981,124.89.253.78,2015-06-29 13:01
982,9.49.100.117,2015-10-23 15:01
983,115.37.179.31,2016-09-01 22:22
984,79.185.207.182,2015-09-20 15:42
985,65.204.16.96,2016-01-02 07:30
986,174.37.123.32,2015-07-15 06:23
987,79.134.155.245,2016-12-30 05:03
988,46.206.245.190,2015-11-19 23:22
989,156.221.28.219,2015-06-29 07:05
990,45.3.80.75,2015-06-11 11:42
991,121.55.226.255,2016-01-20 07:04
992,7.134.141.158,2016-05-26 22:21
993,63.86.4.40,2016-11-24 06:47
994,206.195.131.114,2015-04-05 08:18
995,240.23.218.118,2016-07-15 08:08
996,31.224.192.4,2017-02-10 00:24
997,164.213.142.4,2017-02-01 13:24
998,243.79.156.99,2016-05-03 17:49
999,101.100.197.36,2015-11-22 02:00
1000,37.171.95.93,2015-04-29 12:14
